r <- 60
r